0     郑逵      男  70  96  83  29  84 
1     宋进      男  72  87  88  53  90 
2     杨达      男  5   49  36  75  11 
3     郑兖      男  26  85  46  96  30 
4     郑梦婷    男  75  2   95  58  90 
5     阮志      男  50  95  80  5   21 
6     燕顺风    男  31  87  33  8   87 
7     周顺风    女  95  79  74  24  57 
8     史梦婷    女  62  85  22  51  48 
9     史进      女  90  23  36  10  5  
10    吴晓婷    女  73  35  45  25  45 
11    朱武      女  55  10  29  79  70 
12    吕康      男  4   98  82  18  26 
13    孔智深    男  82  86  92  88  38 
14    阮忠      男  96  34  1   40  78 
15    曹勇      男  14  74  77  84  60 
16    武樊      男  16  96  14  43  20 
17    黄梦婷    女  15  83  55  19  42 
18    郑振      男  45  97  43  89  34 
19    吴宗      男  95  64  98  54  83 
20    花宣      男  73  64  8   59  94 
21    孙樊      男  81  82  27  90  93 
22    朱达      男  85  2   59  85  56 
23    容通      男  76  96  70  59  73 
24    林俊      男  84  32  3   77  97 
25    朱进      女  78  45  33  36  34 
26    朱进      女  94  98  3   50  9  
27    王达      男  64  2   10  36  21 
28    鲁李      男  32  51  48  28  47 
29    周俊      女  77  71  26  10  63 
30    朱徐      男  29  65  38  39  32 
31    白威      男  6   0   99  94  0  
32    孔梦婷    女  63  79  93  77  44 
33    朱弘      男  68  94  64  97  25 
34    慕容顺风  女  90  57  59  88  27 
35    曹晓婷    男  15  48  94  82  60 
36    花雄起    男  2   39  65  12  70 
37    阮康      女  92  62  0   16  87 
38    宋兖      男  42  62  64  70  77 
39    花威      女  94  28  40  53  52 
40    孔晓婷    女  25  73  32  61  71 
41    杨贵      女  93  64  44  46  83 
42    黄俊      男  74  51  61  51  30 
43    陈康      男  91  15  42  8   1  
44    索贵      女  22  27  53  93  58 
45    花立      女  47  30  63  97  76 
46    阮贵      男  68  14  67  98  76 
47    孔梦婷    男  91  29  7   59  45 
48    李秀      女  29  37  25  54  20 
49    雷勇      男  75  66  29  17  15 
50    林段      女  97  100 47  39  41 
51    孔宗      男  29  44  22  75  46 
52    黄进      男  77  33  62  97  78 
53    施弘      女  64  59  2   45  41 
54    阮智深    男  0   41  43  7   41 
55    宋迁      女  24  27  77  36  33 
56    杜兖      男  17  5   72  61  70 
57    杨超      男  59  48  79  0   49 
58    朱振      女  80  47  89  20  26 
59    容振      男  87  33  19  86  84 
60    李兖      女  69  66  27  38  66 
61    杜立      女  88  83  58  3   21 
62    李永      女  75  7   87  0   67 
63    燕俊      男  7   2   4   91  65 
64    雷进      男  97  85  4   28  24 
65    孙段      女  91  77  81  78  4  
66    陈项      女  39  30  46  72  4  
67    阮兖      男  31  61  69  62  92 
68    宋忠      男  43  32  15  67  40 
69    秦段      男  44  92  74  49  23 
70    朱猛      女  13  39  100 84  34 
71    林振      女  16  31  27  74  90 
72    燕威      男  53  42  65  93  9  
73    刘樊      女  32  28  69  55  45 
74    李梦婷    女  68  82  7   1   37 
75    索立      男  67  26  93  22  81 
76    索超      女  28  18  92  37  59 
77    阮春      女  74  25  12  85  88 
78    阮猛      女  43  82  22  81  17 
79    武勇      男  81  59  72  27  44 
80    李冲      女  9   84  9   35  29 
81    朱圯      女  92  38  53  45  100
82    吕永      男  76  54  90  59  76 
83    白进      男  13  47  16  58  73 
84    孙宗      男  59  4   83  88  37 
85    慕容俊    男  80  42  5   79  36 
86    林横      男  57  77  36  99  32 
87    杜超      男  93  3   35  31  11 
88    施冲      女  35  95  91  72  69 
89    燕顺风    女  55  37  94  91  74 
90    朱逵      女  91  4   29  89  15 
91    林迁      男  86  35  71  64  32 
92    王圯      女  10  90  5   45  2  
93    孙徐      男  75  53  81  14  66 
94    吴李      男  19  7   44  0   23 
95    孔威      男  11  45  39  43  27 
96    朱贵      男  28  81  83  97  85 
97    周宣      女  61  68  39  26  83 
98    燕勇      女  24  26  34  47  36 
99    武兖      男  20  27  56  47  66 
